137461
159785
162665
128378
160340
115091
135340
142397
195159
103990
123823
147261
148008
185216
169309
102305
125223
146944
116675
178282
134995
182237
154438
162367
167744
108306
160598
170069
121967
157296
158267
157778
183774
108092
189812
195860
189255
168056
173717
125193
146043
192679
178723
197557
112353
199529
172540
130083
171929
166142
130318
194558
194756
197896
181491
185419
100701
199072
161076
144258
143091
141118
160141
117460
130986
177516
155398
138869
103098
195154
115329
130644
146975
182179
155407
197389
152712
108659
117816
106004
194132
149626
112970
187620
108982
189570
155175
172303
109098
140694
186619
132332
196995
140606
172940
101995
192708
127152
126484
170550