27464782
27764710
27582255
27733105
27830242
27274785
27980606
27839664
27316149
27787387
27014004
27968154
27381555
27834668
27566611
27130557
27784257
27103568
27374879
27795080
27628789
27543180
27843810
27100542
27335430
27845624
27680270
27563304
27668896
27401129
27733637
27069120
27304512
27343360
27922892
27861911
27384822
27105563
27788989
27738826
27490289
27726285
27209659
27570340
27724588
27684804
27852249
27832320
27583144
27308046
27287084
27079906
27295444
27527356
27526289
27629618
27761959
27387590
27973613
27891827
27687349
27007740
27462752
27823692
27309608
27759600
27457075
27805913
27843600
27410519
27801606
27170895
27415288
27618949
27707678
27127725
27561649
27900410
27719790
27103010
27685983
27903104
27387979
27889492
27753778
27867329
27320132
27287093
27323397
27191735
27471469
27558027
27619437
27603489
27011806
27527092
27558764
27447769
27462754
27025070
27359552
27048239
27796175
27274022
27843043
27101990
27405265
27729918
27258921
27198160
27895256
27930051
27843141
27231242
27674530
27256094
27229979
27038298
27008831
27347255
27125315
27215211
27380993
27038326
27574904
27223614
27758534
27604009
27206010
27619524
27094040
27701465
27526979
27051940
27974176
27787591
27775887
27080053
27552443
27899442
27846457
27863166
27439407
27438867
27701560
27026040
27548757
27002738
27411370
27870732
27778658
27222274
27424871
27142119
27602656
27083134
27992828
27807775
27962939
27235906
27820356
27989511
27644678
27408483
27793108
27871007
27748966
27432037
27727437
27404673
27313459
27370966
27022849
27142593
27563981
27092428
27547101
27365787
27147778
27554782
27122620
27324016
27311158
27688227
27349127
27331307
27264755
27599698
27614500
27254168
27250982
27703287
27923963
27203260
27890390
27936961
27378778
27972396
27310186
27119093
27196049
27106139
27564654
27733323
27377995
27417964
27032343
27080648
27066224
27884602
27373995
27941392
27661911
27493832
27257157
27073986
27504125
27154556
27534281
27867513
27116791
27164425
27021338
27195396
27884733
27884973
27954134
27623456
27922478
27517143
27173942
27459521
27244699
27893317
27488579
27277263
27017374
27613832
27622525
27076280
27610894
27091365
27781860
27559483
27115786
27592410
27897544
27968037
27335792
27092182
27251426
27631389
27339801
27891946
27322245
27112115
27879770
27647094
27856870
27674566
27518509
27087200
27539879
27812390
27504333
27215606
27022181
27499212
27845137
27862850
27870648
27869464
27551750
27122570
27852699
27083254
27842989
27689447
27612330
27921910
27156614
27378769
27640055
27415977
27944607
27157429
27344502
27187636
27644346
27298597
27244239
27924403
27510738
27297035
27033080
27063554
27649024
27698975
27486103
27052877
27460060
27205919
27054408
27092617
27380820
27865727
27375347
27346469
27138802
27681939
27666154
27458291
27644177
27179931
27892995
27042833
27061814
27684354
27497037
27463778
27471125
27065251
27430066
27935996
27466681
27261257
27501397
27682581
27711680
27305618
27669858
27482870
27610076
27581781
27807378
27242175
27807534
27702131
27619476
27038496
27032106
27727919
27081716
27835288
27787290
27827206
27380664
27858718
27837492
27175241
27061841
27037273
27212205
27381440
27646241
27649201
27098650
27977346
27289525
27499665
27467883
27475080
27336282
27682635
27189554
27225963
27935647
27683102
27745178
27386814
27071604
27327879
27181383
27939109
27794571
27881712
27385085
27266467
27808315
27497243
27440664
27672856
27314973
27513981
27688406
27414319
27078912
27339530
27994513
27407122
27811963
27318968
27285452
27485246
27602355
27448949
27186965
27926590
27790156
27369203
27852180
27417789
27853501
27038968
27108713
27756529
27076529
27359030
27378040
27096531
27298729
27702760
27072476
27845165
27614556
27074736
27302916
27365600
27592927
27144264
27908682
27124917
27124103
27897733
27949378
27576744
27498670
27989207
27623880
27266796
27665527
27122421
27552638
27781826
27538241
27856243
27690486
27949351
27949440
27961865
27328861
27089688
27454854
27944673
27995393
27021541
27941446
27825969
27670756
27157458
27777040
27219969
27864332
27167494
27656351
27101291
27728416
27691150
27380219
27967162
27391910
27894207
27941361
27883852
27898528
27321768
27679340
27670038
27304015
27992743
27535512
27481519
27402028
27821876
27533165
27295825
27242058
27216218
27969340
27869175
27471115
27093639
27483663
27262597
27206801
27390688
27856862
27584857
27164564
27271499
27986544
27208985
27467101
27681078
27358148
27066860
27006665
27934219
27453555
27441619