6720
6578
6088
4625
8490
9380
4773
5772
8328
7635
4255
8881
2091
7418
2435
4660
3803
4509
1593
7272
6091
6162
5954
6859
4737
2604
3963
1171
6020
3136
4346
1358
6004
9269
9785
9978
1043
1469
7923
2959
8335
8443
8451
9144
1162
1079
7485
4348
7266
7918
1825
6980
8678
9773
5039
9214
7702
7402
6112
9710
2039
9054
5749
6403
6362
2970
8172
8683
7578
7738
9927
3672
6659
6785
9551
1805
5322
6616
2987
8835
9723
8632
1680
1327
3473
6164
1861
7031
1677
2350
8021
5267
6224
7535
6100
6490
6774
8656
5946
3731
6220
3580
4570
4972
1789
2132
8639
7483
4378
7572
1636
7668
6814
9305
5973
5400
5007
6135
1861
7261
4954
6790
7130
9354
2769
7421
3335
4043
2225
5925
8497
1831
5857
6050
8398
6974
7963
2196
8240
8790
6746
8988
7172
8897
6997
7371
1958
3876
7549
4998
8789
2860
7937
7104
5453
7791
8656
9220
4534
7308
6691
6509
3672
3229
6745
7695
1158
2077
8530
5535
8065
1263
3843
7406
5627
7393
2937
3981
6010
1820
5830
2359
7421
4455
3120
7988
6356
1598
2710
7592
1622
5742
3478
6623
6563
9588
8548
7818
4953
8741