1:8,6,1,5,2,5,5,3,3,3,2,2,4,5,6,4,6,8,2,6,9,4,8,3,4,5,4,5,5,8
2:8,7,3,4,3,5,7,5,7,2,2,1,3,2,9,1,8,9,2,9,6,1,6,1,1,3,9,1,3,3
3:4,8,1,3,5,3,1,8,5,8,3,2,7,9,2,8,7,7,6,8,7,5,3,2,2,1,4,2,2,5
4:3,8,3,9,7,9,5,4,2,1,2,4,7,3,9,9,3,7,1,7,9,1,2,1,5,8,9,2,9,4
5:4,6,4,6,2,9,6,6,4,9,3,9,1,3,1,5,8,1,4,7,1,7,2,4,3,1,6,3,4,5
6:3,2,9,3,8,7,5,5,5,1,3,6,4,8,4,9,8,8,8,4,6,5,2,5,8,1,9,5,6,3
7:6,8,2,6,3,1,6,6,1,7,6,1,2,5,6,2,9,4,9,4,9,4,9,3,4,3,1,3,7,6
8:4,2,6,6,8,5,6,7,3,8,2,1,3,8,4,8,5,1,8,2,8,4,9,7,6,5,2,7,9,4
9:6,7,6,4,8,8,7,2,3,2,1,4,7,2,3,2,3,4,8,5,9,4,6,5,5,1,3,5,7,9
10:4,1,4,9,1,1,9,3,9,1,3,8,8,7,1,9,7,9,9,7,4,3,5,8,7,9,1,3,6,7
11:6,1,3,2,8,2,7,3,8,7,9,3,3,2,9,9,5,8,6,1,7,9,7,9,7,6,8,6,7,4
12:3,5,4,4,2,6,3,7,2,2,9,1,2,2,1,2,4,6,8,1,6,5,6,7,4,6,9,4,4,5
13:9,1,6,5,2,1,6,5,7,5,2,7,3,7,1,1,8,4,4,4,1,8,7,6,1,5,8,7,3,7
14:6,5,9,4,5,8,4,2,3,5,9,4,8,2,6,3,6,1,9,8,5,5,5,7,3,5,4,3,5,6
15:3,4,7,4,6,4,2,5,3,1,3,8,9,7,4,2,9,4,8,2,6,1,2,7,5,4,4,6,1,5
16:2,2,2,2,7,7,8,4,8,6,1,8,3,8,7,9,9,7,9,4,9,2,3,4,8,6,8,8,4,3
17:9,5,2,8,6,1,2,9,8,5,3,7,4,9,6,7,3,4,4,1,1,7,3,1,2,4,9,4,3,5
18:2,6,3,6,5,5,9,2,6,3,6,3,8,8,5,9,1,2,2,8,5,6,3,1,3,5,3,6,1,1
19:1,6,6,7,9,4,9,2,6,6,8,6,5,6,7,4,4,9,1,2,2,6,3,3,1,3,8,3,6,1
20:3,5,6,4,5,3,2,5,4,1,3,6,7,1,3,8,9,6,4,1,9,9,8,7,8,5,7,5,6,3
21:2,6,2,3,5,2,6,1,6,7,1,4,7,1,4,2,1,9,4,6,6,1,9,1,8,8,6,3,5,2
22:6,9,2,3,6,7,4,8,1,9,2,9,5,2,3,4,7,5,5,1,6,7,3,2,4,9,1,8,6,5
23:9,7,9,7,1,3,3,2,1,4,3,3,2,1,8,5,3,6,7,1,3,4,4,1,8,9,1,3,8,4
24:8,9,8,4,6,4,4,6,4,7,2,1,4,5,9,4,7,4,3,9,2,2,7,6,7,5,1,8,2,2
25:1,8,3,2,3,3,9,9,5,5,3,1,2,6,3,3,3,1,8,6,4,6,2,8,5,4,7,3,9,6
26:1,8,2,9,2,1,3,6,6,1,1,2,6,3,6,1,8,8,6,7,1,9,8,5,2,2,6,7,6,3
27:3,3,3,6,6,5,6,5,3,1,4,3,5,6,7,9,2,9,3,6,5,1,9,1,8,3,6,8,9,9
28:7,9,1,1,6,4,9,4,2,7,2,6,4,7,7,5,8,8,2,7,8,8,4,3,8,8,2,1,7,9
29:6,2,7,8,2,7,4,9,5,2,1,3,9,5,6,4,5,7,2,3,5,1,8,8,8,4,8,9,5,5
30:1,9,2,4,1,5,6,6,5,7,1,7,8,2,4,3,3,2,1,2,7,7,3,3,5,2,5,8,2,5
31:8,3,9,6,9,5,2,2,9,5,5,7,1,7,8,1,4,4,4,6,3,7,5,9,4,1,7,6,6,4
32:6,5,5,6,6,4,8,5,3,7,4,1,1,2,2,9,9,1,9,6,4,8,9,5,8,7,3,9,1,2
33:3,9,3,8,4,1,6,3,3,7,6,2,9,4,2,9,7,4,6,5,2,4,8,6,9,1,2,3,4,4
34:4,4,2,9,9,4,5,6,1,3,7,7,2,7,1,9,6,1,7,2,7,1,4,4,5,3,5,6,7,6
35:8,8,3,4,2,6,9,1,7,5,5,3,9,3,4,4,3,9,2,7,8,9,5,4,3,4,6,5,9,6
36:5,1,9,6,1,5,9,5,6,2,6,5,8,3,5,9,3,3,8,6,4,7,9,7,7,8,9,7,2,1
37:1,4,7,5,5,7,1,2,1,8,4,7,8,9,1,8,4,5,6,1,9,8,8,4,7,3,7,4,6,5
38:5,6,2,7,7,4,1,5,7,7,8,2,4,2,2,3,9,9,8,2,6,7,9,4,2,9,1,9,7,2
39:4,7,3,4,5,6,3,5,1,2,4,7,1,1,7,4,2,3,8,1,1,5,5,8,1,7,6,6,6,8
40:8,3,5,4,5,9,4,8,8,6,1,1,1,7,1,3,1,2,9,3,4,2,9,7,5,4,2,7,2,4
41:3,4,6,7,6,9,5,2,2,8,9,4,9,2,1,1,2,9,9,2,3,8,5,6,8,6,9,3,5,1
42:9,1,4,3,4,5,9,3,2,7,3,2,6,5,9,5,2,5,9,3,8,9,2,6,8,8,5,4,6,1
43:1,9,4,6,5,8,8,9,8,8,7,5,1,1,1,1,4,6,4,4,6,1,6,6,8,5,1,6,2,7
44:1,6,5,3,4,3,4,4,9,4,4,1,5,9,5,6,5,9,7,1,1,8,6,3,9,8,9,1,6,5
45:2,9,8,7,4,9,4,6,5,6,2,9,9,7,3,6,5,1,5,9,1,2,5,6,6,5,7,8,6,5
46:6,9,4,7,6,5,5,7,2,1,1,7,2,8,7,4,9,9,2,2,7,7,4,7,9,4,1,8,8,1
47:2,4,7,3,8,9,8,1,1,7,5,8,6,7,6,4,8,3,5,8,8,4,7,5,4,6,3,6,3,8
48:7,4,5,4,1,7,1,7,6,3,4,6,3,7,3,2,8,8,2,8,2,1,4,8,8,6,6,8,9,3
49:1,6,4,4,7,3,2,2,3,5,3,7,7,4,5,6,7,1,2,5,5,5,8,7,8,3,2,2,1,5
50:1,1,3,8,8,2,3,9,4,4,1,8,4,1,8,7,4,6,5,6,8,4,5,8,2,7,9,6,3,7
51:7,4,2,3,5,4,7,2,6,9,4,4,3,6,5,1,4,8,5,6,6,5,4,2,6,4,6,2,6,8
52:7,8,4,2,6,6,6,8,7,7,4,2,8,2,8,9,1,3,4,7,3,3,5,8,1,9,3,8,2,9
53:2,6,7,2,1,8,9,1,2,2,9,6,6,4,3,8,7,1,2,9,3,5,8,7,4,3,6,9,3,2
54:3,9,4,3,1,6,8,8,8,3,9,1,6,7,1,8,5,6,9,7,8,1,6,7,6,4,9,2,3,5
55:9,8,2,9,3,8,3,5,7,8,4,3,6,8,3,3,2,2,4,6,3,6,8,6,5,6,8,2,3,5
56:5,1,5,6,9,1,4,5,5,1,5,8,9,6,2,2,9,1,4,7,6,5,7,6,6,3,5,9,6,9
57:7,8,2,1,6,9,3,1,4,9,8,4,8,2,9,6,3,8,4,6,4,7,6,3,9,6,3,4,8,8
58:3,1,6,5,2,8,7,9,8,1,2,2,8,1,1,8,9,7,9,9,5,8,5,8,6,4,4,8,4,3
59:5,1,7,1,8,7,8,4,9,4,5,2,8,5,7,7,6,9,9,1,6,6,4,8,8,8,2,1,4,4
60:2,2,5,1,7,9,5,7,5,3,8,3,8,4,8,8,7,5,9,4,9,6,1,6,1,2,4,7,7,6
61:8,8,8,8,8,7,6,9,2,2,5,6,3,3,7,5,2,8,1,4,4,9,3,5,3,5,6,3,1,6
62:6,2,2,3,5,4,1,4,2,5,8,5,8,8,7,6,8,1,3,6,4,6,9,4,1,1,7,8,3,1
63:2,1,4,3,5,1,2,4,1,5,6,1,3,9,6,8,7,9,8,5,5,9,1,6,1,9,3,3,6,2
64:5,1,1,5,4,3,4,6,5,5,1,3,4,7,6,5,3,1,5,5,3,4,6,3,5,4,8,4,2,9
65:4,4,1,9,8,6,7,8,8,2,9,9,8,1,7,6,4,1,3,8,5,7,3,2,3,2,1,1,9,9
66:7,2,3,2,8,1,5,3,8,4,6,5,5,5,6,5,7,4,3,5,9,1,3,8,7,8,3,3,2,8
67:4,4,1,6,3,4,3,5,2,3,1,5,2,5,7,1,6,5,9,3,8,2,9,4,9,7,3,8,9,1
68:6,1,6,8,7,2,2,9,6,5,6,8,3,7,8,6,5,6,2,2,9,1,7,5,4,4,2,3,7,2
69:8,9,3,6,6,1,8,2,1,1,8,9,1,6,9,8,6,6,7,3,3,2,8,9,6,8,2,3,3,6
70:2,5,5,5,5,5,2,4,7,8,5,8,8,6,6,3,6,3,9,5,8,2,4,5,2,6,5,8,1,8
71:2,5,6,5,8,2,4,2,6,2,7,2,5,6,6,5,4,5,3,4,2,5,3,7,2,1,7,8,8,8
72:5,1,3,2,9,8,3,6,5,8,4,5,9,8,8,9,4,7,4,1,8,2,8,2,7,8,9,1,5,3
73:9,5,8,7,3,4,6,8,3,8,4,3,5,2,4,2,9,4,2,9,9,8,8,3,3,2,8,4,8,6
74:4,7,8,5,7,5,2,2,6,4,2,4,9,6,4,7,7,8,2,3,8,5,1,4,5,5,7,2,8,6
75:7,5,3,1,7,3,4,4,3,8,9,8,3,6,9,8,5,1,3,6,2,1,1,1,5,5,4,4,1,9
76:2,7,5,2,1,3,3,2,4,8,6,3,3,9,3,6,6,7,7,4,7,2,1,9,3,2,6,9,1,7
77:5,9,9,9,2,4,3,1,1,1,4,4,2,4,3,2,4,6,6,3,5,5,1,4,2,7,6,3,4,2
78:7,5,9,3,6,6,6,3,5,2,6,3,2,1,1,8,6,6,5,9,4,5,5,6,3,5,9,7,9,8
79:1,3,6,4,1,9,8,8,7,8,5,9,5,5,1,6,8,9,5,1,6,6,4,8,6,5,7,2,4,4
80:4,1,5,6,1,9,3,7,3,5,2,9,8,4,9,4,6,4,9,5,4,8,7,6,8,5,9,6,8,6
81:7,1,2,1,8,1,6,2,9,4,1,4,3,1,1,4,9,8,9,8,3,6,9,4,5,7,1,9,5,9
82:7,1,8,2,7,8,5,9,5,8,5,9,6,1,6,4,5,5,7,9,6,3,5,4,4,5,6,5,7,3
83:3,2,5,4,1,3,9,9,3,2,1,7,7,7,3,2,9,3,8,3,8,7,4,7,4,7,9,6,1,4
84:1,1,6,4,7,3,2,3,2,3,4,1,7,2,2,6,4,2,7,9,6,3,2,5,7,2,7,8,8,9
85:8,3,9,7,3,5,8,7,9,9,9,7,5,9,7,3,3,6,7,3,2,8,9,2,2,9,9,2,9,5
86:5,4,6,9,2,5,5,7,5,7,1,8,2,9,4,9,4,8,6,6,8,4,5,6,1,3,1,2,3,2
87:7,7,8,6,8,7,4,8,9,5,5,3,7,2,8,2,3,1,3,7,6,3,6,6,1,6,5,1,3,8
88:1,4,7,2,8,3,9,9,5,9,4,3,1,5,8,1,4,5,1,6,9,5,9,8,7,1,8,4,4,7
89:6,6,6,3,4,4,1,9,7,5,8,5,1,6,1,2,8,3,2,5,1,5,2,9,1,3,6,9,3,3
90:7,2,8,5,9,3,8,6,1,1,3,4,2,6,5,8,5,1,2,5,8,6,6,7,6,1,1,9,1,6
91:7,6,6,9,3,7,5,1,7,6,5,6,7,6,2,8,1,8,5,5,5,9,9,1,7,6,8,6,5,8
92:9,5,5,3,7,3,1,2,8,5,1,7,2,3,5,5,9,1,7,1,1,7,8,4,3,4,5,8,6,4
93:6,9,3,9,1,2,5,7,7,5,9,4,5,2,1,2,8,1,1,9,4,2,2,9,1,6,7,1,9,2
94:4,7,2,8,6,7,5,4,7,5,1,4,7,7,8,3,5,8,5,7,9,4,1,1,1,9,3,8,9,5
95:1,6,7,7,8,9,9,9,8,2,7,3,7,5,9,1,1,1,3,3,7,7,4,7,8,6,7,1,9,9
96:6,8,1,6,2,5,6,1,8,3,4,6,3,1,2,4,9,7,6,4,6,4,1,8,4,9,3,9,8,3
97:5,4,6,4,1,2,9,8,7,6,6,9,7,3,4,5,1,4,9,6,7,4,7,8,1,9,4,1,8,6
98:8,4,6,1,7,2,1,9,9,3,6,6,9,9,1,8,4,1,6,6,8,4,5,8,2,8,9,3,7,5
99:4,8,6,2,3,6,3,5,6,6,2,1,8,3,4,7,7,9,8,5,5,8,1,3,1,4,2,1,1,1
100:4,2,1,2,6,6,5,5,8,5,4,6,7,9,2,8,2,5,4,3,9,5,8,5,1,3,4,8,8,8