5725712793361222452862179513173747991551111121335126512251954912229748437698546658823242825836352419154481419916347839587576338472528268968928852667644492293747155421348764994935678643557448728213952929
7481215651579729751756812773918558681111111111322754938111111111125714329579457375965888974941577611111123375332652668934264945869111111111116586825713211111111211914781972923546293684968421111111111753
7326111111111199688811111111438261811115978411272491551112111111111461458111111855449625668865348115738118725841111119981152826111162847851186619441811172629211159184111116349911111828789111112698113194
5611111111111111654451119141189488111874294767533772864511161416211185121121111193465538579513126162571164831451248116889341641161559594647971811974115777241371191311146822869395511145891116947321338552
5911124739454211139837111928552155411144923961939625849154113754931158945121144115898751682189787159365158663419214419541116911662237568711117683811641669253411191132868185254111118588788211634238664295
6611384387333479115529281117764622374111585518598498659117971139121191738111368643658845973922742114864281788249866211932213513851851111627332548613328841646211151112238393746936835723163467113631759843
6411186938111115371416277657147874499743658568813989425168936215781136543711126469331814734111672811113517757283144915645271611111111829611118192814231111114118688851111111442911342225559481862613224489
4531111111111111161129437948753314255411522371675111111111679414711247912111116736718175172163723529118391757626579411732271771111321111115111443816156928291117624735426954391157589695378311118896188711
3871111111775961791898149131111111199773361125111111111111117135284883259221211741411621591121514485111618598111196341876152335728355421174516528213736169415424284634618961111112625592241111171113652654
7868231439251511861596735311222222119231115111111152682746119517634331111111111111117574166131639652442826521122121648111748673381113711152391341395668114312224757668171112916631351928111337964741764918
7412695248686611117518441112111111111174379111196759453569966544541111112214628511334287431211238827421121111222165389451295923111197811426116499849211151131524791746111861795123372781142482636277187386
7348217419318111111111921912187742625127861111877398579495327169211111212218612581521111575442598338577911111232124234255945611122115815334157717123112563319762519711515884697247562411577945557819139827
6923727526725116771171112611115763613197368111291566411111277215111444512215887396411121924652355128111111181232121112791411112222114314326386126294615543635532815791724171211468753312569844352483113592
3457111117269811172718616987111199121195825811111111119174689368119183612117472751112221647799511111111321111222111111111111112332147111788491423777411719496376113211111145459329829914462116278157117198
8581111111192355361713979466391111792318696889129128333778861613176424111155327111222321878611111151329535112111111111111487412322173112896116229683546111346833192999954216282453152118268111327198135987
6551117391112388238293112397846459379731415465677891111111463123116332111269411122233321911111872415223281111171347235625121112221135911112823518161477791111111161467175232422131892219956411221381963221
9611187236311977323613441116357728421581354622359111111111111397131881111961112223333221111221111111131111114245411115946611222211248771973665311177497879111416553961883573114971964512895711112111886849
3111365919989144378233111211113695211111111124931111979641121229193911325611222322222211111111111122111221826774311836131112232117945339341881112155861946135661442571121112731111534331596874211159955841
7111799737771611827861121111118643112111112116381217591714111925572648625112222221111114566396534111111121111164733997111112332175622983967111222134511111111115113413115746255111949761247593614481411878
4611169315163213181578121652111861121159311212411111787912111337527488111122211111886834522184329577735111112111165216565812222111111111111122222119911115911119573841175588731115375898348591773261344962
7281162461112292624652111549511346121224991216536111153322435982378911122211111815182613268515234916534854411112111117711111111111112211111223221149311789523711464656462462175714955216499836955364958547
8591114111155626416598511187822325111144311119226811111319565996141112221116663271421111111111111111137752973911122111111111138915711118281232211197421189295381819328712113552825297871273895111111112817
4151111114214371253249661111431956912139552163923165518111132144311222111297641951111124377646311211111119829223112222117328718143712165611232119299321838278911947152631932111134827738468561122126941434
4749841837165111111117722917111534311114276955839422553965347621112221118611515118129484724164333979947911114162611122117325521111188558112222167443543616231541824866211111111779751687769715579518571734
3738456473612111111111186189276568911311133429911111111197169211222211671325871844548329511111159298324947113642727112211459666456648111122211132556366451159111572591111471543473421194862913985134111732
5184678988661111657741172573111251853952413751111111111115564112222114292481214553452831111119734327111111162413888111221119866367111112221114891683392665612412114151169441671568719479734715137947733452
1184377182651114124433192193111111111334576211121344121212275112221117415974634442264111221142413311135719121835833251122211666466111222111484521611115656716511289432118211116492311111892572421214999682
7548251553295111419975991321111151111111167975121513181116381122211735161696716651811122221753717156818553211111119856112221229275351111129548856211471117484295326811611111483117172716119814347811346172
6271915737384711115623252683119533196111157952121129561115451223215296111464919235111223321128136138791591751117611956911221117148425119367728865321374311626978571223887669753621846844511335834382186744
2452126585264147411118533214111117283551115294112151211172411233214932111191398164112233322114335748711242711762725463531222211199263811632279269611323191113618587411111637238813987133118873584111111194
2476169753679576747956924982911118365455487531411111911135812233212436182827215313912233332211111111111919911851878652371123222111111111119894279447117359152952481186561119766211886441163539911911571155
8161128341111569957512116996478811111149833957381187211147512333216811463229391595211223333222222222221619611452175256116123332222222222211145619327711819111769112956495111169472452985814361112531771172
5141177781211219191111113118138488741456292347662653211499412333212541118275391711621122223333333222111111111823671188717123322222222211111285679174631847817252117758513611135788556579868533318657211667
2671154631212321311113462481978286892171115819435127121497212222211111111111242411417111122222222211171112217226361111166123321111111117777426612564992579319168235171197111354653188137865631191193835569
8211111421115694111895488615966761111111211111199577631916912211117414463711112971435198111221111113761712211415314411866123321776194432178655239139125359119463159484111171976258451111111267329757511275
3131192811136481111743933113611111222222222222111113358596612117814385385812111151476834191111252321851112221215948211334123321128739857711111111178911156135189293566984862345111111188611118841413118413
3478116111326229111769111177111222222111111122222111643128311185311133317431311111386748146721158111199812221112787411395123322157254917841864525117239111169355665453439946952114511661835119742682141775
5391911111443195611111135689112222111139693111122221114811117531111466911738343211119233172622558111484211111926127611374123332111951547698172759917295536173846111111111452131187675468951111695111145725
5472244472613765367332995751122221181658218334111122211112211111145632114931324581111117725583635897111111511616394115714123432221113585263375222911136885127111111467511127731161493571111748881115111925
1444863713112999874375596451223211863211111129749111122222216962389142117211199393481111111111111111111114511677661189935123433322112582331927181147125276543154492757421141621447271111651244161863511123
2612733391122711617625111111233216967156979744163886111122211269155422117159515985898181221111111111187295119282811716461123332222211248769851116414765447162183499671111414961928568897715429417775621167
2562857661518511397282297511223217732297286362271222958111111111579715116165217771131111211473679718582641111482111899911222222111111118782814312512411179612113611211198869194677972111111372539853611188
6546259511971611337411138331122211673891111111176981216266658345329215293116851191111121113942846785788411113391199746812232111114874679712459251111112111547511592362278392647669411114311119943871457622
6939879111811111112119419157112221176941122222111137533394522731136821372731111111221111194274241447431541167111166627112332147685216911111111139441122221114166173434175935869427311631933115836648153386
3598398211112111381179111341511222117932111122222111117668498919658864111111122222111888671517797793887811129713725597122332184367298111195721153147123322211195211118471111111137714389391166152341689986
8485518732111134221118191979451112211158652111122222111111111111111111122222222332159982894441111119974471187331938711123332116313514114221711977581123333222116315278111111111115111512992977483311185843
1419811535123554851765111122299211111111196512111112222222222222222221111111112232111111111111116316338311767396225112223432111531252179439114784711223333332211217981148391628113941117413463261114111667
6618711185939953241942411355513345231111111922321311111111222111111111636317711222222222221111727442111184839276223122333332221881386621161171256112222222333221187411298433611112276161111121111199571134
3473961187987362951128111125172339165887863176692944175481111119575351149522671123333222111422898911116711116446511122222222221599182416114512291122221112343322113711745661111126516576835741514344921479
4439637114868166661111114191111111238269382395983951231287336111111111624899521123322211128357441113328511721179112211111111111192519611137824911222211612333332219311744661186996846111118662984469611327
3913776114587111685411178571111111155948711111119387241292128772961511492536921122221114467749111912111144287311122118711895464485564165811792112222114212222223218841483611873511111111111918844662917443
4318884111675771155555855211351241113334211111111825117415674697653117363191111222111588615311759551113583536112211197116629869385251175276311122211197912111123211871122724871111111768871543271284165872
1511924111654896114522953115176211119896711755911235171811111947971191861111222111197678191111961112359143761122119496687311111189427884611112222117237911125123221362911196441111876271695859444451681624
1661112116414112112446887137648712181917641667371161561116383573115444111222211178751453423983211847411766111211197741219458111848621821111222211131463111632123321919623842771112579427352941887111193469
2161711159414114118714521462474311168686786189877695111795692411753711122221117521771128227158118521185931122116742511811111193971821111222221118359161117479123321161956711187111179373652218811181111445
9996364318318911116452981163995111892111111595474891112554491123961112222111248459986111119321419114128111221176121227348169864111111222221111441115871111355123321678475112124321111111112939111538911121
6635314713555851498788963769651135612111111568755151195741112466111222211181536237665212214541111632411122221163114574618111111122222221111153591791811154921123321343911122117337168993516548118233771132
3281156224253728358686725569923274151143511152223611157111998511122221115974798146261112111723277415112222221111111111111122222222211111438172111988111155771223321621112222218962877118573793183393831153
3319115347972272236558545894192319871578412144161511111725621911222211616871111223724121166236118711111111222222222222222222211111116621294181135591111674651233321111222333211792611111119784212561391152
9362711769191479418444475136919154121884812112223143659289941112221114177817471381111111752622111111688181222222222211111111115158398699811114142111113374111234322222222223221729111282591423799881111916
3587841234174125813756181111111419489152211144658712869823211222211558441129346545121118846211113748661111221111111111666923822729988535796892491111989316112234333222111123321124111912461172325239952779
6633611155166154111264199718791155942983311834851961432382112222111253115278915941111454541111183436111111111185131868543977111111111667571278111113578111122333322211148123322199112151611845631186194451
5413531122154115821197215133141184857348814837129111119371122221199461137854119811112694311187468111111119159457367366891111111111111117513111115164871112223322221114669123332188114211442251944368935386
4313661174111116941114742463211759825838575781196376182811222211879511316511553112512551111811241121117989384312665111352828157271712216681111957756111222333221111471977123432165611181129516232611118814
1241111752116619435111573431117452889122429511875362122512232116182111125116371136173211112515111111824513511135739111276861989316712119545129792231111112332211685532472123432189177536788825266217911845
6662118146911111743523111111244164114214114711831121179112322199771168411111111481491611128491121146514165311952111111787617532567111139894344641111118112322114116641131123432138423841823582541193221694
1868153343211184378419826495344661642611631511451371325122321112421327111467214251178111666711211469961157818762111629627876496211114936317319361115987112221112111431174123432166262461111174884113571738
7135394462756829466385684453271111111561131711335412724123321341314633112679918717493111118112217313214864113411153241338861111111269553529653111116681122211249115631118123332151981118369721126134555659
6367157427241955914738111896635111344161465661111145561123321386351825113395163111511119281122116159112841124611182266511111111112839374526811111486511222118365611941176123322177811544211491149699438483
8431437814815255481765521111192311938111781911331586581223321411975367115252938116871216161122141581168481361611859141525332191141787888811111592746112221145289311171151123321198119236928711157284991749
1911634111328448781169323141748931111168153936738799881233321497697244111694711116961218931222136621995831372211747611745324861111111111111112835811122211187454412111231223221397113257241114454836816859
5171921154481627441111172111396555164817671415488193611234321821111118511133111188551216291122152731188611452814919871424959611111111111538786361112222112916994111111961233211617712563671672554111111228
9521111173411347111561111117225133157139991143199986131234321229341118736111113746691113154122115534119521187114697218552961111241884782511113921122221154195711136313311232218366211663967136111912911889
6391452468714531126372618682676537345561881131311681391233321588721118279385841221359112934112212646911912151111821111111111159152671111181846111222111763532611386194312232112412131115695611894647117179
1754914458111244194419642962331111397855411183411457951223321221411111955835593115816111323111211343561111146212161111111349425169117642929211122221127271264211154869112322112824874222531117739121412126
1923582171129451153937165586347631174111332113441193221123321331111192711111111114818111133511121116238111759518664429147536298432288418311112222111897512168671111441122221132851113698161157651712549356
1952747311135811583317111211174931119614974311111132389123321123117885511156911576478611118982112113836491598111134998111111954481984953111222211163932244611111192511222211663111111185411454871778335747
3711451376111111935739219952138211187357283841794766598123322155111155215263331838158951111211911111113694634279853111118581192729598111122221114313632179114156818112222118181117482119511498736271934113
1114959124214337375527611638711111659841957222326862716122332117511175381293138676115361181111233122211115855571294257491668131831111122222111655761193125664681771122221126321156237111841111111116528838
1115545555946581918957316981489316184165111193111116349112222211541166396695111562111927174311111123222211111638768237384581111111222222111162515215111273763589111222211451613139553421354731576894111176
3115194798153228137543117616725386771242937415722151114211122221536114481688411568411156219256111122222222221111111111111111222222222111177713757422711478115861122221118518482117273691147655521611621599
2111177511462621157211112281333177111268932896772891119886112221126833723594411128491111146121127111111122222222222222222222222111111124811728111161211629393111222111958899667115412441159994757316191134
6226793135199587111119282154553919191116791132391111121467511222111964114272471111316191111861497577179111111111112221112111111128678372191711111565311412611122222139925492111111831111147167766181511115
7393551884613722111329431195996491466111111111111158461568751122221195111146253111116581113638911116864465924258911111911183377381766379411111112791114591112222211168247111111231515211614512254512931131
9851411255279111196289351273688611174317675161947275822469499112222111122111382531111111116134941311111111111981676263644111111128458411112111647113982111222221117673111692111168932719938291715516821113
8865571162238161117535781115921199713261111852278165452513323611122222222221111355578111127986979693381661221672511111111111972496911112211184473625111122222111941411888541199925863394661671162516911195
6361468113315216588281752111113211653477811369326111113811158643111222333322221111491171384918311111111111111325154511111449617311112211114789481111122222211157591189764241713122312731437982149491142136
6133116511123677453344914766614149211111111197931432531111645141741112222333322221111178973917489561111111269312173915572571111112222211255411111222222221114857311861434316334637111111149952111111754482
3979111734269616161111111332626741114498711711953757779411447716354611112234333322222111111182711433849841285341445511111111222222333211111112222232211111923859311111127854585111112382888299497156771385
1143311158241738111648272618222427515198686436615582872249658261948746111234444333332222222111111111111111111111111112222222233333343222222222333332114164772229225421918248411113473853149284515311111653
8566351757742758931161283141117811557337842967281431182882821855253453191233333333333333332222222222222222222222222222333333333333333333333333333332152652325626855492615417761117948391117489267113281492
9415421113136871183111159721717581211111111111111111111111111111111111111222222222222222222222222222222222222222222222222222222222222222222222222222111111111111111111111135655111111113289556227113761917
7855841146142632179664111113484724448452411111111111111111111111111111111111111111111111111111111111111111111111111111111111111111111111111111111111111111111111111113111845231363285889178879421191195417
9531221547187376216344769778162118182972524313677221673893344472226186254917734437167479463288794911998467923514193629377348325643766597195616491794343431758553114275168121636215651111111111371148414895
9929113493711788131318769194383258261211231521191111111185557711113654218861281111352191987711111158962285554979196622431111157425113278111586935924743111111117494645111111164486611957657311385197487192
7329625148411111171881911116944257923937114177112748111118911172311112951411111111111626581149677111562867265111311252111111111195859111111111199911511111127111459641166531118127117961514611927112416447
9532648297984841162155399961112275563116151311398947731197119786281168692111924247121433311261246511242216723481119961189848417116611151238254115385211144271334368262744662112774115353211111297419125371
6444414319533898787644913932114271114191411781183351111976171791111955822446829911111141816945198115582411116658116661174628347865231948212578122391116798996697442461121844218895811118317637255152238212
9198116171622771671113656111122691114218119227765936194344331111549418372263111111748951756577859421847172112411111798115933265335831176111545541172111117611579259483198175917976321168687291822318696346
5581593591917532582311179487282471651161185521885415598921585279683734145772116265479896697161495511111186861159184141141463737186116116911841844979537311144173616344315254636476987798281112843111112594
3251593119181956939188711352632574313927246845574766961924664828137177913478282522526693221478613114344311942266538865726231579198281547421111192435795811923973311347252112118291496116725516531162111929
6261521233725155941882181413632111111168256923147411111111177721133111111182527111356171111111386142661611326228122727243825887187351611938477811119688113428371592119394115134783195111329519172982711561
9831488817722168818761511131229674934356111179987418841346511476116553381113248419639877217411853816787274153713611951947575221194418161768481811114967112538841235211141181381112868111469921516891211357
9161177215761692391141114174392796458417581155651294379875117818491198771115983175112789161113979116534712862171963361942659391115697173633225111119265911121114666111111186931111951511849714179613113215
8739111111113489622111186176438311111111157335364711111111652669238211111154511526599111111323674747679629896765111111111194816291111136378115139153198213111174867142424484651693711921588774411111183682