2388984289
8426175117
21783126883
33797973533
40603909235
60165301704
61016160743
68139253090
91903802496
94586044628
141527742088
278443576094
479189048653
513776336328
623471899642
885170318665
898250474114
971868121154
1031911186472
1118973569493
1123924020480
1295830638924
1363760174592
1422569281199
1442179509366
1696086733796
1761674427919
1943019804036
2049122289527
2137466353646
2167988006997
2406351956334
2474336034836
2518860289397
2563411847014
2564742238891
2565901586669
2666201689016
2724713220638
2811429543448
2839687609974
2888193401336
2950164535929
3209606680078
3355512275280
3371099697963
3457174598204
3467742967842
3475657468867
3777524130395
3817680401182
3958376291929
4067112417480
4185306868828
4265239016034
4586313277688
4682544648573
4701581706377
5119385065204
5343269995174
5406638008949
5421916517089
5539948183843
5737740049004
5850545638669
5917082422684
6219031469967
6233578945114
6241934547637
6244308465711
6288079154005
6340682445789
6365919426232
6442845664247
6587544394144
6596552006186
6750714668910
6760255892164
6957594883551
6983765591973
7095326398948
7182647010972
7211643082182
7273661104241
7340994289548
7973154131639
7981665328766
8134329443724
8213809929261
8356126534788
8423192187053
8554033114813
8728797151228
8771082046810
8924374988450
8931134596437
9220081920315
9321815730689
9604613960160
9757389855125