8165412374212868316931155881457
6773133214616373316524611126929
4731132674156757972647751848714
7579968575822582358565131597698
2861773141737195391658215885845
1399574218969315811311992957596
9142639897949853982375528442446
8911759192356112997584792679721
9247265343326255377311478842669
6718132372878943841454465769625
7163348428656222559985687535379
3767336242263437429723387597422
6242679355241773574738597586166
4264129319612658718417987943198
5788382476169697483952456967585
668735732772689@986415437397132
5376536131988712798268975186843
8366521192524571969958783785374
4415627784761655233354369329556
8683218859735262227247616582554
5291628831156854372352564568843
6137236587218778634887979696148
3447364779266726349198123962818
5933754631571838359286574579617
6738288871433721291667717622468
4477828427598173597252696944533
4734419342568495926972256945982
6199745158157977745359562577572
3275557735223364788348375227228
6354354988495486437269486567392
5277368871464977185647767399661