41542567681776586423178537788116435683477431672367342541817334673286342411747436872652583886448753563
12316278621714522435317465258277451538752862134585666434256418743571881336785371448615437527255872446
42263445111737521414381814373428252782614882164125185377745453668747842363451551688774564383643573665
55516721241716131427641552182774545832774824727864156127557781445523648615751137238336851238516716522
33614526521235314268682758862726568243131567517771671376133313321163573553271618211427343431757754351
21225682761636274563316371378615236882527886582473863717873251587544153137551533111324413243831288535
54486752477146583224834577311328182235116516642225678187251745513324873251151835681387525354861668116
81277555772725258347667512514751741813154444812766614675488773122583367242345544273142477324375113755
44118437237371668112555317241866233468574327186341628514874824622237774361477785781743853273851688846
42141633552268736781462325111777845547724727777812637672212837425263244463217186245654158625877574586
54518744748265372165738645242856523353565385341612281468511262812868133788723824227144272861821675563
32444674288463572345827738435881463516733147875667657688455283321882717565551152286473516286744241677
63621227857821631287414716735433275835897785959574859585675594563366263481152558111373114883856865786
15765535371556645172557777837475338359964455749896677646685876845627558654364665226321668871313624468
52355428667183277588243575752265667585489889865545585986756688865944123838155325522388878831383248167
36521136151157536884374616782746878648444455544776477969775558487557784878253162161744885154332535324
35828271127237373442584787176374997988975899798875689885764677756585988833515378577216781685333538275
78544431848748254421678878889784959889887584956745874574988689894694774595152137148377228268753274741
21557166123152748738525753556978485998455755498846649674746475797588667456876718731668172581328516561
63222612572487745616581521986747986595686445749854796896487784588896587849991817454311678326724567771
17728463774358812512675228475759464567856957645697699854477684555984944949866554337875233167663358187
26442358671431357861278768457559789976464958556477666885849955695649896867864943816186481744322383336
71238846164746448686365464468889965488459778984954748955787494469777769876678649633822563468466572533
21723871177658136675348995456785998744854976964778465688799449569995856766444764474581133711215316116
73362534821536476664888765995878995969564597798847878875685695748665977958774477822513768438128688561
18226415388613464728584696656985495999676754489959955946986579754589597659574694958525783647554732444
73417357138478383759844544777446785545868649476858794887457846546499766544596698876318422482142665776
65572175275485588474994767545656794686796989775746466774696587764699494485497789745911632357615361755
36664824346638855686446685959677657976544597868465886888645656467458884454594967479851312583178188834
74135281637263321868768966465766446488568897848978967785874999749554865769568589466755544413132631861
26275245267124767585488884575865976678894857846949897469986596874685995768755677655877627735216282714
38732188373854265698768698789646448997795856969996679457649786544774879446794449775695445556167288863
52283272852418175447879445445486987766968889797896747977997559879957796464475485688876713327711176444
75616321534411387587676594794784964568647844954864585974974597694989668986468546466644873732232747274
74376268128828845946484794857866599986449449499549657895644997588558766954665755486464641668344346754
64633431635455474864984779696689697849774967865645486854775674664984757768847776649874785533712144374
31561768187717969897775576888857998664577499545894444495449669556495788758886488954795576822834264763
23641667464528988775577875897749859489989579986668486757546645775684989894944757547464844446313631527
42828133644158999599568568487564697466659594687794857699544885699658664494597856744898959344824137531
36762885646787859996949558544675954689476795996868854465677954949594956774668867886579575437717654255
54233436728664585577484945596499887457758579784899477549554446577688875794559976755768878925626477781
85538378717188877548566495555566456755867575784847558445745666459785549587558776687857774788162852176
37117487562669884589578747958457989987748479845866849556689466857864796695549856895649769851283514132
25211163734874998976587449866666854859758945864547997479476875979859966747565756649779948791188654325
62173861475664774875858446654457784949444696894766787979649689497647746966969567779498854661836713446
65311842237987469848857769947789745779786758798694654596487796454758748547869887594858998771575167522
48131333615568899885856648786685498897996444697677858556974684948689789955946996979878984983424434417
48667582467677687455857978678545445896686558789445847759489678889459859798996887887976598642517832317
64271534277578558569778479448966758747775887758547746849568684544787659677774764586897645544644836321
81527778714757489655976845845754698944568679965559948956989894679468984798655576656549475665833115734
16648367376976779997497459498455586466869869469746@88547477499979949478568899966878597765997385634537
78622424315797666948459558877565489769945568945575847877756854746946485766999897589764847983272874827
16764152151645677967596749485857476946649878658659786776654567954898564567546475898647498586158111677
14381856236844757658447776854554657684558879456567964476495796877794467598965585666595958897775736648
44315722452947849674574775984677796644588594686786646787789849889989798559644786848555654848484635488
16512146212998656789674498657449999845969886777684667496694776587747558755457547996668575883865666682
83258216261887996777859489559874979898777896959767488558675555784466899565688845767454796772241684481
28335516855767696757545689844467699788479786446595989794656844499549467877694899784464455758224236268
83483568387455846785955767655754898556846878496647674878448997548946696879895746646689455754471224538
25561248171174497677486696697788756975697487759447894745947454778548868966469776989669897921484783338
23586485418689679858865774887965454587644998696458944586848779956598797986876747745974455827837271587
67828748868367659856987645846598565455476776995995759779875585664649844545469658975799556681758188866
64818362445384947668756897686576669457875558679665674886969649956687988784954688854947565851188512743
14613828754519697747864556977794959475476895679787669695944558579557874557946779897657676427241863452
71513817432757548769957659988699847756964559845587876458797677454657568985469486584979467225621542617
36763521423726868845858777847546577687955769698979499986745647569585858554774667645789747432247423458
15877736145266674956645597775488786547986668898876645957976475674858996649997689847898892474166168283
35544666835678564749799664686974769797644969467776845745685769756756848979869857849874695473462633333
17614786531381257686946795899578498488769445858687495597985946746887594784656956797447564612157753758
81564843578568444989775458687565959988768546879459989644745465796958767665865598644979637588353338561
75648827412217377778844988659879969667897987764975777544568948475554556759679754567759338636326245225
11121448352728717578859644477896459579777664469997489667659579949544469674445979455874321412564578447
28754656423885874489458775746764784858975788865495756644854688485847845886669866989786187123182111564
75861112675763427798564767589797677979577877954797989894577449499559448578468449666844618611855774451
52126563112537361344746595566455798774745684779444754754676495669796665775944668488465234458262686867
74816387242872262667668856687698986497894894686696869568978959448646545769797899555631181148323238576
75847836426553881384859489649658965874878586486884678678886647456487596796488968784484373413144184317
23417617343518155536485549685769455448765466886577565977947976558468497595979584925636545665155587266
57868558862568716662464448497878995847797494495689857469497794684667577964588885651532427653142261742
62712663146236571533729846784675656557779866476895978566594784777654669468787789684363346524337115741
35164614462472531866123489945557796799546468447867698859797988665459567548455897168462543351576662662
22238435663865272555357329989978675978484757744867576864876647898455997889958172612271884287337737487
67821661182726478341551524674668767998455476664557987696944969649875757698856478218811252881843871142
31676285483246531238626658358565459546868646695657649649555874488478565577577546611537553534485837246
68775777442846318725723616318986997848597455946876698796564578869675857446216658358765145776254644525
42246817737726126764838583476447899458488764447966948868864649795656677464427176837473575128256331663
77756318755662737734748886848357478879445654499474744788774658864476684476314167546613318883837373562
11877565535868441238617184688358674774988668759864779755785448878599671376463175486781315525186258556
56142122515871683145252228565465888175794469455569967765587579466851266451621817114251243142622555126
31231563876835751873588465515657244117456775758549879677659994777657815565712645443568778365723453636
17415446718814354721622424768115371125136736789696679859869612861474116657726271137118348272346537883
86222586871843137536145365213126876177717511562138868335685834775266131588755511646356375723253673368
17756611725485661526113567665511836225474218372754162541682224383438358432678326387215861132745255731
53362118644376244232246337324182286488177461171866653115415461111781366353413881624657585411562522843
26426732158553615162243887727314575443848486882632668646238721855444425246785184685566745314766658566
61323757836817525887342435145632577532681718876877126735285412883874241588556226245636155644274352428
43143132513514235373867648473753266444615786763718683717236133543687211225834768233531321571772842248
52376385387565661716341675477617283787364224382831322356517573458327258552521714337174538563863624674
44285155575364315162738587787618816328452866325487683473644817435153586263288121612633162675477614416
13122145285814862677833541278244753668677483123642113618472846388881261253218876216538725876836863212
21412226724618125434146614527237648341356225778626257752164416878673841712713152823543442388732165263