99999999999994697397091876991095708692741688891756621486381608678740602990726097630635837393502479289134956668325396728471927046709843060885972751380898422901198261271480891842
99999999999963420992572744413686507694853323957351888571747899684352885161987117721750736982404630823088803502861073524563896887086211577713066964285383264888465069972739077172
99999999999995919999179399164951565696650066420615683386003985549022487297956358919425237337546316571431138507002784722429654855866303680145080957340721591094942904034455632783
89999999999999999999999994921349331336607137970240573363829821727888870734002257649434867127769999904914694467560375900029825496008995879015056949688310573509806154149785068949
29999999999999599999993711815896243003655337750096607230666326404668767932480849239999999599999999995751599999964509794084733697685964344640820470841109761349592608673067314530
23199999999930299999995291779931103425512143033797903388153159478913109703322534769999999999999999999999999999997978269997043673176515736757033134013637303149154898546558941706
79999999999924389499956542761221394944643096085236210086836740199315888599999999999999999999999999999999999999999999999999885156677803083846405648482647605428518263567150426174
74499999951715093937192904919807420970758630297789964012985664804445583659999999999999999999999999999999999999999999999999973317996889032483887751877677514120255650669311043947
61999999923471180955908212913631348066729808095708898312892140424399996999999999999999999995408299994620299999999999999999999497159674431712976142211419672567062075584909037060
59999999944169728147069216777036939978557916620962816369562880999999999999999999996481699999756319999209389999949999999999999999999999434617599221200555617702221567150212796926
99999998468641794455998274359148615087246212992167991341604149436999999999999189999911580529698982610123126969634025999999999999999999719712410385959384817593243902995987298509
99999992459992799932289450916244909936405902370661439264729911747999999999873934307404525504465514727021056532915675999992999999999999910439987188859083230908847389827347300584
99999999999999999532639550133273952421795136351610033760069999999999994999939446330248660896462054349112845608599505599972067499999999999975243740337215119042512145414214178790
99999999999999994745611445541312032084040647024091891813989999999999949772712216244648356749441989992387677697815515599595413499999999999999999905729532293534031562462326895242
99999997619999996476959535537261006699734575399822482532459999999999991839902154799585996774031430038076937452126867929141545999999999999999999950735201411693642250041937640121
99999994114166136669437959086277044101588672738158840356999999999995300204606621350107386722320557658065129348076355450194957149877142999999999924823458644725937200257932013206
99999995385019337935219593998495709419234908964116492999999999999678533091385271490868302354382532208486233338086545337817246753802777799999999966351699027918749898040064923259
99999925968817959492214761849759726679961948429690499999999999997417309815587705932467031457938723104721856505827979626039654997075222699999999993990851106136411974705283286257
99999949828317085994483686356179859273102655517263890999999999606527744369160080666391971559218174197765373558543175064067516596990729999999999999999999929245570761316843309352
99999929542301689964976286407958516095750905150517662999994583810818458326861430850771233521753329861060694631972484997908239773762526999781999999999999999213229632030295417598
99999979994399943136247999232584378819390312503538999999987589456911073842825775780525399936991746015280497780138111106391372144954917969665979999999999993523979120541841253868
99999949999993519238716619851046413495884107432614999999999149450269343179213203957999999999999999992203732433932252932544835650266575841438942999999999951973575144934812474506
99999999999999865483774828811392453759415022144942699999326927719356674035551629999999999999999999999284862771145609492619142984554394934842703999999999695270515854292781704205
99999999999999391376625245427430894053632396125771799991784893872832305578539999999891603029849899999999928785046789378997469042794171912615099999999999860817499894451309915330
99999918899995941222597618822551347790973010232249999999960488425609851949999988112991026012621673939999999942088832984309763576028729149939699999999999999954222175853218748782
99999991187227766931745135472878509528074062792099999999933049394115151689999159603780966395455862793999999992319240981015109340118651292952181981239999999899999837394915496017
99999919399650937990270443040946774165056109861999999999128420210265282999988561985342124554274520403059299999792963663554282413740796436614022933492999999999999962111941702112
99999990451391968127467992501459820644242392921213999999283825732689955999986762280888884190161982991198399899999183005805428928665604966141303771598699999999999924111852702980
99999965612047997512207170789088030626357743888104999999978365918147339999383693888999999999243289461816974249999921413396572059267375143748739553383599999999999575471453770124
99999916992929995015082474904308754081724707783899999999249225312333319992539348888860200199992312230331948999999909755323918683771467269064411892899999999999996621172678916338
99999919999999438522731610019078093402047181362339999999623721777009849991983188888888851495999607807550628291799999103899968830009163790606797449699999999999988574792172324284
99999999999999999365956798498100809091536147302394729999930027825625689998919488888888884171199992911717426946799999797281007173754351873330953309678494899999999999815961272285
99999999999999985278646883910188599183918120441123899999995059034726033999742948888888888430029993094932492546999999917195291662607073671848470361198947539999998399990944824129
99999999209995301494223207482457655198048953342831999999344401282588517499939917888888888589419993871704928996476999895804723330668419975354750882587570269999999899999941547608
99999999974116374439983897708418272489192674659754999999999119486122258499998233183888886281269999402276017139971999995377424451006714245015298436997137651999999999999996277276
99999999921188869313974340152291244167644530659870375239999939328354688988999999999998873141449996863583103049699999994282192468058037557658898247199397276099999999999994397822
99999999997742633997590569859851153360022879895009948899999945852162584470934688888425949917999997490877679280499999919215773239285462576598901429033409499999999999999942710241
49999999995137726998500322863414655480837007749328235899999999977793024243384509323656117931999949619836552889942399991912390181005644593098060799049477999999999999999232321107
79999999995299919997921378501735731465255543828832656162219999946131055809925323349411205499999911173802594912245999999449040560377994802677113626159631499999999999915277743186
29709999999459999999618501812588774512556041671549398053109999999997853592770700841932145999999761874728662013999999999134553228547746216946530950523977399838999999990083771724
76059999999999999999862760309972398146208971121490199269709999999996699492950538879292999999926895208023711840938999946141553897217174327911693151637634288346919999999998586898
00031999999999999992135639637482049080011860302974311956328882499999999494999999599999999992409243249002485399910999968821012441136752684215501435415875186023381999999999931488
19799999999999704730354411349083535192801288591224744208370514299999999999999999999999961714650942708605584844889999999479511225748912263120039442020499793594095699999999999824
62999999999999993473656622591045240984145727181180981470813893326600899989999999999549613868064859713979093649999999999714964577948349882184507850126797419110461599999999999993
71999999999999997612000549172542537900357166027469012130189009482563063611299228112723824845684179595773825121999999990705554907982185266617500397306560166519299299999999999996
12699999999999999394894799130984908424760032010720676366063783855017328512006211463192067307280783621027711978999999841387688533799991373929756660854444292999999999999999999955
01981969999999999998999999999147758144393298655710434869271127865982318197920090722521486716286658222664179999999999766467916688260159553046735822047520453999999999999999999628
97038791599999999999499999999046059246770887692745193392491798859415623270783185893601725212537792878964499999999999425552561315790977063476707542519297072799999999999994992613
03989999441989999999999999996789273079963415324368920962249885976926003386075097154030062324490338881924119999999999128070308018082597512848171896512950799997239999999978140616
64184454213709999999999912153986976203026363387562701705957478275384629722894011708173420876815630749815199999999994948838384596444530815722252530098278089467612999999977143582
19288969050148999999999999966814234932581383106883451663831722809062705868281719450420833069008922729999999999952988345035236136313964566545054924246452757206992999999656999110
20549710391539999999999999975726424998765729930676750962584324123353795864249136634244098501336984999999999999938767835864190231992836056535014193628969132891704999999306891131
57389193481689999999999999999718999999955291989157328044218749087646221352094421677245234063718299581999999999999926267111034289882760420715826654158196445715089999999654999998
33719679185409999999999999999999999999938792371587743660037583927113378996708860111653115869748976086999999999949285884117046269202727410418374754842017557002709999999999999999
17751525704572499999999999999999999999960558589278585723166206078712467312643874974881642199999992699999999991845496836859986593121376146982527905338889480599999999999999999999
11740602938857633691859859999999999999999572389999916681827686040373410550313197362701079490999999999999966118764140791241834424323316151710878304651920189999999999999999999999
68396156165241063999435531999999999999999998999999991398792417079606660087748224999899918414299999999999776697250892402282115265436742166504570254163578192999999999999999999999
51474113770161848423357149799999999999999999999999950498389999986499149979987214649999999999999999999999896547268859224760544219450664271017101840810573133999999999999999999991
58425011814124434933975199299999999983999999999999994108033899992833765899999862599999999999999999999993804250606837416729716899985215700504031385567735799979499999999999994630
63629175721202171506875432999999999993749999999999999999999999999421436999999999999999999999999929355028251667075619376834882912119850758142487747940932891137395999999998379219
74034336900296298699052620519999999699924199999999999999999999999999999999999999999999999999992344383910535947157418725706861929136389135371976714919637344791991329999999946234
03962684370213783379999968364434999567421999999999999999999999999999999999999999999949999999999997175141139244289769934736654363330347346343021302129383283439702591899999999833
67656862706419246293613439311964499965666799999999993589999999999999999999999999999957729999997147294667415014825221807956426292499026456503881652192642238342520345799999999966
49061685070500949650488900225787429501433779999999989959189999999999987199999999991295972510606644226228131957441955918701465286523754982077301627275921725662216945655999999954
30728388318522565574453479541910944718174161999995995123099999999998981674999999999993121135535880392472100722992872350383856180615566734950701746263037080269631899998999999992
15731807293923587798138025382917392794023306497587993477869999999942733689854989389962517185088491262517326144247145878312735063943828746123082791992679999999144299999999999998
31114030041022187400477210456157631656366082019591999624477591442599450973978975439807320204839345616471843943731385014666788410972121674649333228781599999999946799999999999999
13226341313380330581724003144521832647329042909745776777161444061627752762329930076354615255350213122414208719485553520072638063038259505497698639398449999999299999999999999999
04917435105921076343370382923739574935230072908059908791774266668505409294857953348397795140132636824398687632773993901412432167163022666914672471281359999999999999599999999999
97877652276934416578076067278857737033594532055735379675999002887383485665075561280128934383362537045126552418612085108908218116241780111682552526799994099999992969999999999999
37764426426622207363203556807892693460098780884704035792350928152211201274307434864066263341540584088322943751926056173451240213351609726763391869993499519999811855399999999999
66142788093732611127564321386754999840691919559844559454094379503332901146185026080585615960890311835736919385465657996840065276748848981479999499596526313749982172799999999999